9.561558278730325489e-02 7.322110024758032560e+08
9.729552130385581143e-02 5.693534686376252174e+08
9.900619769242163803e-02 4.566126039220631719e+08
1.007434015274126793e-01 3.773025042112760544e+08
1.025154417736677953e-01 3.178489738381363153e+08
1.043135225010593248e-01 2.727037228087443709e+08
1.061521849999167433e-01 2.369446857821991146e+08
1.080391840580873231e-01 2.078964894704293609e+08
1.099516811396584748e-01 1.840546721922890842e+08
1.138500832189617423e-01 1.468243091968076527e+08
1.179031159451425642e-01 1.190388980586438030e+08
1.221053400352434953e-01 9.763379422467344999e+07
1.264013741839011273e-01 8.069193386162245274e+07
1.308551340093060122e-01 6.702007746955878288e+07
1.354274941310366354e-01 5.593389178439103067e+07
1.401576026838023681e-01 4.681707066105793417e+07
1.450336533983547505e-01 3.924633566892345250e+07
1.500207035861554072e-01 3.295795950611022860e+07
1.552022905488435467e-01 2.772858190898843855e+07
1.605562717568867204e-01 2.332772549305977300e+07
1.660573462385915577e-01 1.964022912296495214e+07
1.776865446732751042e-01 1.392958355928914249e+07
1.901445184606982419e-01 9.872285455277927220e+06
2.036687036677266305e-01 6.967272664769342169e+06
2.183378599760572303e-01 4.903435972833827138e+06
2.343548290823989078e-01 3.432988302839693613e+06
2.519631667041146716e-01 2.387069260119089391e+06
2.712436960844175071e-01 1.652052006934348727e+06
2.925702326281124366e-01 1.134995670847635251e+06
3.159474006426834514e-01 7.765361491207106737e+05
3.417934218926473311e-01 5.278451936033357633e+05
3.700359312543357038e-01 3.578095704843355343e+05
4.011651119872751137e-01 2.413288163087558351e+05
4.722130259127754193e-01 1.092139579334081063e+05
5.559363433289311596e-01 4.925800167491436150e+04
6.028234500413416352e-01 3.310461296255045454e+04
6.528099841623663524e-01 2.231290990283295832e+04
7.062566760523546483e-01 1.506088670507325514e+04
7.626330271125061344e-01 1.021665013955440008e+04
8.221585956472501344e-01 6.950176904426396504e+03
8.842262271755415570e-01 4.755042827834990931e+03
9.489091576947252804e-01 3.268379540217692011e+03
1.015547921366962258e+00 2.261589229782382517e+03
1.083979817438939897e+00 1.573511746484775131e+03
1.153613018134888257e+00 1.102899970005068326e+03
1.224013078724935921e+00 7.785967092896934219e+02
1.294718045807799811e+00 5.536111167021375650e+02
1.364999399132502678e+00 3.969241291978792106e+02
1.434574641196629585e+00 2.867686926362655413e+02
1.502553587616683117e+00 2.090862110283657955e+02
1.568691109624432256e+00 1.536746744951982464e+02
1.632202672598898507e+00 1.140371330405495200e+02
1.692767110395429153e+00 8.538296922462095040e+01
1.749658789646208801e+00 6.458049648049686198e+01
1.802563598972132697e+00 4.931825418987805421e+01
1.851044040386057521e+00 3.806575136269420057e+01
1.894785426173917653e+00 2.968927204223275140e+01
1.933447645633806777e+00 2.341604988584164104e+01
1.967063191520216803e+00 1.866899408502271029e+01
1.995236740522656094e+00 1.505499084090260453e+01
2.018308748219163284e+00 1.227628293811011595e+01
2.036076446213385793e+00 1.012467743132220477e+01
